250, 3 - 100.39132118225098
250, 3 - 95.59383773803711
250, 3 - 97.7083637714386
250, 5 - 157.03513169288635
250, 5 - 164.15138292312622
250, 5 - 158.5240032672882
250, 7 - 221.13950443267822
250, 7 - 224.3607361316681
250, 7 - 219.36329078674316
500, 3 - 194.8836121559143
500, 3 - 192.61937379837036
500, 3 - 191.1751103401184
500, 5 - 330.42964029312134
500, 5 - 320.4276819229126
500, 5 - 295.83182549476624
500, 7 - 438.49832034111023
500, 7 - 435.3630483150482
500, 7 - 428.0322823524475
1000, 3 - 372.3746147155762
1000, 3 - 373.16538858413696
1000, 3 - 365.2435393333435
1000, 5 - 605.1009039878845
1000, 5 - 612.5694622993469
1000, 5 - 633.2437353134155
